Bird 365 160 0
Helicopter 53 461 0
Helicopter 352 329 0
Helicopter 420 594 0
Helicopter 17 603 0
Helicopter 77 57 0
Helicopter 981 349 0
Helicopter 547 107 0
Coin 10703 11366 10
Coin 77 56 10
Coin 10703 11366 10
Coin 190 414 10
Coin 1150 556 10
Coin 10703 11366 10
Coin 10703 11366 10
Coin 1173 536 10
Coin 100 481 10
Coin 310 468 10
Coin 175 655 10
Coin 10703 11366 10
Coin 279 620 10
Coin 1305 398 10
Coin 603 443 10
Coin 1275 648 10
Coin 559 317 10
Coin 1215 505 10
Coin 575 124 10
Coin 178 342 10
Coin 88 415 10
Coin 10703 11366 10
Coin 702 356 10
Coin 1333 184 10
Coin 10703 11366 10
Coin 75 615 10
Coin 10703 11366 10
Coin 10703 11366 10
Coin 10703 11366 10
Coin 1281 613 10
